0.0
-0.0000027747
-0.0000054378
-0.0000079908
-0.0000104437
-0.0000127967
-0.0000150557
-0.0000172266
-0.0000193126
-0.0000213166
-0.0000232446
-0.0000251028
-0.0000268912
-0.0000286158
-0.0000302825
-0.0000318887
-0.0000334431
-0.0000349430
-0.0000363914
-0.0000377942
-0.0000391572
-0.0000404747
-0.0000417527
-0.0000429967
-0.0000442014
-0.0000453724
-0.0000465098
-0.0000476193
-0.0000487009
-0.0000497548
-0.0000507809
-0.0000517793
-0.0000527556
-0.0000537099
-0.0000546423
-0.0000555526
-0.0000564438
-0.0000573132
-0.0000581661
-0.0000590028
-0.0000598231
-0.0000606272
-0.0000614150
-0.0000621865
-0.0000629419
-0.0000636865
-0.0000644204
-0.0000651381
-0.0000658450
-0.0000665413
-0.0000672214
-0.0000678936
-0.0000685551
-0.0000692059
-0.0000698461
-0.0000704756
-0.0000710945
-0.0000717081
-0.0000723111
-0.0000729035
-0.0000734906
-0.0000740671
-0.0000746357
-0.0000751938
-0.0000757466
-0.0000762915
-0.0000768312
-0.0000773603
-0.0000778842
-0.0000784029
-0.0000789111
-0.0000794140
-0.0000799117
-0.0000804042
-0.0000808889
-0.0000813683
-0.0000818426
-0.0000823090
-0.0000827702
-0.0000832262
-0.0000836770
-0.0000841227
-0.0000845631
-0.0000849958
-0.0000854233
-0.0000858456
-0.0000862627
-0.0000866747
-0.0000870815
-0.0000874832
-0.0000878796
-0.0000882736
-0.0000886623
-0.0000890460
-0.0000894244
-0.0000898004
-0.0000901711
-0.0000905368
-0.0000908998
-0.0000912578
-0.0000916106
-0.0000919609
-0.0000923060
-0.0000926486
-0.0000929861
-0.0000933211
-0.0000936509
-0.0000939782
-0.0000943003
-0.0000946200
-0.0000949370
-0.0000952490
-0.0000955585
-0.0000958628
-0.0000961647
-0.0000964639
-0.0000967581
-0.0000970498
-0.0000973389
-0.0000976255
-0.0000979071
-0.0000981861
-0.0000984625
-0.0000987339
-0.0000990028
-0.0000992692
-0.0000995330
-0.0000997943
-0.0001000531
-0.0001003068
-0.0001005580
-0.0001008067
-0.0001010529
-0.0001012966
-0.0001015377
-0.0001017763
-0.0001020125
-0.0001022461
-0.0001024771
-0.0001027057
-0.0001029318
-0.0001031554
-0.0001033764
-0.0001035950
-0.0001038110
-0.0001040245
-0.0001042356
-0.0001044441
-0.0001046501
-0.0001048536
-0.0001050559
-0.0001052557
-0.0001054530
-0.0001056477
-0.0001058413
-0.0001060323
-0.0001062209
-0.0001064081
-0.0001065930
-0.0001067765
-0.0001069576
-0.0001071362
-0.0001073135
-0.0001074883
-0.0001076619
-0.0001078330
-0.0001080017
-0.0001081715
-0.0001083389
-0.0001085038
-0.0001086662
-0.0001088262
-0.0001089849
-0.0001091423
-0.0001092973
-0.0001094510
-0.0001096023
-0.0001097548
-0.0001099048
-0.0001100523
-0.0001101974
-0.0001103437
-0.0001104875
-0.0001106289
-0.0001107678
-0.0001109079
-0.0001110431
-0.0001111807
-0.0001113134
-0.0001114449
-0.0001115776
-0.0001117078
-0.0001118356
-0.0001119621
-0.0001120862
-0.0001122115
-0.0001123343
-0.0001124547
-0.0001125763
-0.0001126954
-0.0001128121
-0.0001129300
-0.0001130455
-0.0001131597
-0.0001132727
-0.0001133832
-0.0001134962
-0.0001136067
-0.0001137147
-0.0001138216
-0.0001139260
-0.0001140328
-0.0001141372
-0.0001142391
-0.0001143398
-0.0001144417
-0.0001145412
-0.0001146382
-0.0001147376
-0.0001148347
-0.0001149292
-0.0001150225
-0.0001151171
-0.0001152092
-0.0001153001
-0.0001153922
-0.0001154818
-0.0001155690
-0.0001156587
-0.0001157459
-0.0001158307
-0.0001159179
-0.0001160002
-0.0001160849
-0.0001161672
-0.0001162471
-0.0001163294
-0.0001164093
-0.0001164867
-0.0001165653
-0.0001166415
-0.0001167189
-0.0001167939
-0.0001168677
-0.0001169426
-0.0001170152
-0.0001170901
-0.0001171627
-0.0001172327
-0.0001173041
-0.0001173729
-0.0001174430
-0.0001175107
-0.0001175795
-0.0001176459
-0.0001177136
-0.0001177788
-0.0001178428
-0.0001179080
-0.0001179708
-0.0001180323
-0.0001180963
-0.0001181578
-0.0001182170
-0.0001182785
-0.0001183376
-0.0001183979
-0.0001184558
-0.0001185149
-0.0001185716
-0.0001186295
-0.0001186850
-0.0001187417
-0.0001187959
-0.0001188489
-0.0001189044
-0.0001189574
-0.0001190116
-0.0001190634
-0.0001191140
-0.0001191658
-0.0001192152
