-0.0000910203
-0.0000898011
-0.0000885781
-0.0000873512
-0.0000861234
-0.0000848932
-0.0000836620
-0.0000824314
-0.0000812012
-0.0000799731
-0.0000787468
-0.0000775240
-0.0000763046
-0.0000750900
-0.0000738817
-0.0000726782
-0.0000714810
-0.0000702893
-0.0000691032
-0.0000679247
-0.0000667554
-0.0000655924
-0.0000644378
-0.0000632930
-0.0000621560
-0.0000610273
-0.0000599071
-0.0000587974
-0.0000576977
-0.0000566077
-0.0000555269
-0.0000544552
-0.0000533941
-0.0000523435
-0.0000513036
-0.0000502735
-0.0000492539
-0.0000482434
-0.0000472442
-0.0000462564
-0.0000452790
-0.0000443123
-0.0000433553
-0.0000424082
-0.0000414708
-0.0000405455
-0.0000396315
-0.0000387265
-0.0000378320
-0.0000369489
-0.0000360740
-0.0000352104
-0.0000343570
-0.0000335137
-0.0000326802
-0.0000318561
-0.0000310415
-0.0000302381
-0.0000294437
-0.0000286583
-0.0000278835
-0.0000271169
-0.0000263602
-0.0000256113
-0.0000248725
-0.0000241428
-0.0000234229
-0.0000227105
-0.0000220074
-0.0000213134
-0.0000206266
-0.0000199487
-0.0000192799
-0.0000186197
-0.0000179670
-0.0000173226
-0.0000166865
-0.0000160575
-0.0000154363
-0.0000148231
-0.0000142178
-0.0000136200
-0.0000130296
-0.0000124455
-0.0000118688
-0.0000112989
-0.0000107360
-0.0000101801
-0.0000096307
-0.0000090880
-0.0000085518
-0.0000080230
-0.0000075005
-0.0000069841
-0.0000064737
-0.0000059704
-0.0000054728
-0.0000049809
-0.0000044957
-0.0000040160
-0.0000035417
-0.0000030737
-0.0000026110
-0.0000021545
-0.0000017029
-0.0000012574
-0.0000008166
-0.0000003817
0.0000000486
0.0000004733
0.0000008924
0.0000013072
0.0000017165
0.0000021217
0.0000025217
0.0000029166
0.0000033075
0.0000036934
0.0000040744
0.0000044507
0.0000048233
0.0000051912
0.0000055546
0.0000059145
0.0000062700
0.0000066211
0.0000069679
0.0000073106
0.0000076490
0.0000079845
0.0000083159
0.0000086433
0.0000089668
0.0000092866
0.0000096026
0.0000099149
0.0000102235
0.0000105284
0.0000108300
0.0000111280
0.0000114226
0.0000117138
0.0000120017
0.0000122864
0.0000125679
0.0000128461
0.0000131214
0.0000133935
0.0000136627
0.0000139289
0.0000141918
0.0000144518
0.0000147090
0.0000149635
0.0000152148
0.0000154634
0.0000157095
0.0000159523
0.0000161927
0.0000164301
0.0000166649
0.0000168974
0.0000171269
0.0000173542
0.0000175788
0.0000178012
0.0000180213
0.0000182377
0.0000184519
0.0000186641
0.0000188741
0.0000190823
0.0000192878
0.0000194910
0.0000196924
0.0000198912
0.0000200882
0.0000202821
0.0000204741
0.0000206642
0.0000208529
0.0000210381
0.0000212219
0.0000214037
0.0000215841
0.0000217615
0.0000219385
0.0000221117
0.0000222846
0.0000224556
0.0000226236
0.0000227901
0.0000229554
0.0000231189
0.0000232813
0.0000234407
0.0000235989
0.0000237560
0.0000239102
0.0000240632
0.0000242150
0.0000243643
0.0000245124
0.0000246590
0.0000248041
0.0000249481
0.0000250891
0.0000252293
0.0000253685
0.0000255061
0.0000256429
0.0000257768
0.0000259099
0.0000260419
0.0000261728
0.0000263014
0.0000264293
0.0000265564
0.0000266805
0.0000268039
0.0000269265
0.0000270480
0.0000271672
0.0000272861
0.0000274038
0.0000275193
0.0000276340
0.0000277484
0.0000278601
0.0000279711
0.0000280818
0.0000281897
0.0000282985
0.0000284046
0.0000285103
0.0000286157
0.0000287185
0.0000288208
0.0000289228
0.0000290229
0.0000291227
0.0000292205
0.0000293180
0.0000294148
0.0000295097
0.0000296041
0.0000296964
0.0000297886
0.0000298805
0.0000299705
0.0000300605
0.0000301486
0.0000302363
0.0000303226
0.0000304088
0.0000304932
0.0000305776
0.0000306612
0.0000307433
0.0000308251
0.0000309064
0.0000309855
0.0000310647
0.0000311438
0.0000312207
0.0000312975
0.0000313729
0.0000314483
0.0000315221
0.0000315960
0.0000316684
0.0000317408
0.0000318116
0.0000318825
0.0000319530
0.0000320216
0.0000320903
0.0000321574
0.0000322249
0.0000322916
0.0000323572
0.0000324229
