-0.0000566758
-0.0000332723
-0.0000130382
0.0000032697
0.0000179874
0.0000306102
0.0000415584
0.0000513812
0.0000603402
0.0000681622
0.0000751254
0.0000817673
0.0000877446
0.0000931603
0.0000984904
0.00010310967939399186
0.00010775368756000447
0.00011204776382973464
0.0001160911863454098
0.0001198429567801134
0.00012356754214020636
0.00012712822798316317
0.00013046648095418163
0.00013385770310911328
0.00013693845485186163
0.00013999959578117345
0.0001430156181741573
0.00014592122779441915
0.00014882847592428703
0.00015161761784680504
0.00015440481705393755
0.0001570981737264358
0.00015980755887612283
0.00016253313886787168
0.00016514526592757115
0.0001677412933448364
0.0001702485146189064
0.000172860210052558
0.0001755014772326188
0.00017803219997156462
0.00018058841765538483
0.00018302571537463634
0.0001854844843648673
0.00018796494173751646
0.00019063954072457359
0.00019320473513391025
0.00019561371069713585
0.0001980889167695649
0.00020076105484911793
0.00020307961832483683
0.00020569215148061998
0.00020822340016507515
0.0002107894025351676
0.00021330343003604318
0.0002157618324363354
0.00021825085171326932
0.00022099798527710178
0.00022346750671536588
0.00022596606480904387
0.00022866163962177182
0.00023103492050574929
0.0002337245745193929
0.00023605501695411323
0.00023882162745298045
0.00024142429350964913
0.00024418152977529037
0.00024652741789164796
0.00024925992827093694
0.0002519296961041875
0.0002542493642290937
0.00025699461554809397
0.0002597858930323381
0.00026250698080156656
0.0002649856824670903
0.00026766596567766066
0.0002703877164769267
0.00027284022645830046
0.0002755119535786628
0.0002782231923092208
0.0002809746606423507
0.0002836350995189555
0.00028633309273392893
0.0002886369866881659
0.00029133264838058983
0.00029392610143295683
0.0002965531822548952
0.0002992145268296327
0.00030176525418978273
0.0003043839559906773
0.00030696063581596715
0.0003099313458695494
0.00031250236380712774
0.00031502562044040747
0.0003175378987255233
0.0003205163167786322
0.000323012557268595
0.0003254533665099337
0.0003283863937251457
0.0003308442378916257
0.00033326280151128326
0.00033615811881571934
0.00033856674660865993
0.0003414484475291665
0.0003437986874977444
0.0003466614422988756
0.00034896988844231735
0.000351820180836214
0.00035408750949543857
0.00035690972599460106
0.0003597259729997904
0.0003619299357226606
0.0003647227999429293
0.00036687344786140116
0.0003696308647945591
0.00037237147329502636
0.0003744531272366297
0.00037718335062449863
0.0003798932933343667
0.00038258164203320747
0.0003845493011190845
0.00038723251251714
0.0003898353804377006
0.00039173769218985553
0.00039432898795525357
0.0003969477820430775
0.0003995367838158718
0.0004020360760076496
0.0004046191914578286
0.0004063142341042829
0.00040881656881493764
0.0004112823986010263
0.0004137715366800179
0.000416160517279057
0.0004185707741940541
0.0004210025197950603
0.00042339224126018764
0.0004258026895499186
0.00042803922186277084
0.0004304244954812215
0.0004326973556517957
0.0004349881626995699
0.00043729707597992435
0.00043948829200899704
0.000441695408447253
0.000443918766213477
0.00044601896332977805
0.00044827390341491044
0.0004504036425601339
0.0004524048798040093
0.00045496892347402933
0.00045714573622944145
0.0004590443267865411
0.00046110087097460764
0.0004635953163886051
0.0004655319272947968
0.0004674792868857545
0.00047002919961741023
0.00047185010355448227
0.00047428371209578066
0.0004762837467260041
0.00047798076493445657
0.0004804641823237105
0.0004821811338395749
0.0004843776015292924
0.0004861134235361974
0.000487856661472771
0.0004913967765642974
0.0004931692323608955
0.0004946151720203875
0.0004964010240700889
0.0004978568288460512
0.0005001647790021757
0.0005021473886900361
0.0005036242706028982
0.0005059741681071461
0.0005072903097157253
0.0005105568867518561
0.0005120667626618325
0.0005135810531336751
0.0005147416392845971
0.0005182767546083387
0.0005194509238044483
0.0005209923982936745
0.0005221709103468114
0.0005254260830210089
0.0005251021647284405
0.0005293440322708257
0.0005290051915451077
0.0005307843406807365
0.0005341357316348044
0.0005353478832570851
0.0005361767761982299
0.0005379924471824435
0.0005388232436011069
0.0005422642917355841
0.0005431013550218106
0.0005439380240724504
0.0005474383796423146
0.0005482815284555909
0.0005491242453678178
0.0005522789839257985
0.000553127449077574
0.000554619953799998
0.0005561180052127716
0.0005569692528195272
0.0005608665556943589
0.0005613076409434435
0.0005621654871388207
0.0005636911147789019
0.0005641289713710914
0.0005681188376534687
0.0005685573598352034
0.0005694223360478035
0.0005705445431234006
0.0005734883996539769
0.0005739247789122778
0.000574359724351859
0.0005784859479360633
0.0005789214788260707
0.0005793555762294493
0.0005805014010185286
0.0005835371802771831
0.0005835224531322375
0.0005846787332713966
0.0005877545623616423
0.0005881863285270826
0.0005881629018235671
0.0005920157886922511
0.0005924462838389897
0.0005924155201579977
0.0005963216758758094
0.0005943099492933417
0.0005982370197240256
0.000598196316152146
0.0005981548391364391
0.0006021299738188605
0.0006020824404413222
0.0006020338951995334
0.0006047937152015638
0.0006047402507545707
0.0006075234150212264
0.0006074651368175777
0.0006081966117131573
0.0006110078892685031
0.0006109431840099793
0.0006145889526204135
0.000614027550292371
0.0006139567793310351
0.0006168156166068881
0.0006162463675917709
0.0006191245974489992
0.0006190446469961
0.0006214454196574365
0.0006208604613988574
0.0006237781086208347
0.0006231853183215576
0.0006239327512798648
0.0006263663022871543
0.0006262720115074023
0.0006265133851809496
0.0006303332490040133
0.0006297178262097954
0.0006291039381789637
0.0006329514971509169
0.0006323268079063774
0.0006348194265549507
0.0006341882373454629
0.0006366936182490042
0.0006360558234044182
0.0006385743780371133
0.0006379298145185307
0.000640461427668708
0.0006398103522486089
0.0006400446485825256
0.0006434853516800517
0.0006428235359542515
0.0006453906837908881
0.0006441869745266309
0.0006449542450774542
0.000646994529982382
0.0006463198117931289
0.0006498246589629408
