-0.0007015213721164677
-0.0006471227470869937
-0.0005994294859478271
-0.0005628220229738455
-0.0005278856730132126
-0.0004985876270795599
-0.00047392627909824024
-0.00045139910196131277
-0.0004318171107369649
-0.0004143164901853778
-0.0003996283039278051
-0.0003854859822557483
-0.00037373037554705706
-0.00036414166922322003
-0.00035345734685699284
-0.0003452412535297983
-0.0003363333821766887
-0.0003280555807932043
-0.0003219406250107949
-0.00031751341542003686
-0.00031079694667676715
-0.00030610607021608067
-0.00030301800555875057
-0.0002980456212669356
-0.00029431090676856366
-0.00029060594201516324
-0.0002887928698443059
-0.00028665401920850383
-0.0002845313646031273
-0.0002820873273310122
-0.0002796606757306106
-0.0002787732455721355
-0.0002779048175961268
-0.00027705444471558423
-0.00027588827128991475
-0.0002755143333222405
-0.0002740485418846511
-0.0002744968544358409
-0.00027497824980612256
-0.0002751541060206774
-0.0002753578658776318
-0.00027524882413551706
-0.0002751633542778701
-0.0002751012238526618
-0.00027706637590554104
-0.00027874492882711335
-0.0002784234323077861
-0.000279832108388752
-0.0002816452831596233
-0.00028104109849939993
-0.00028345756566280076
-0.0002848644999558637
-0.00028631583898134727
-0.0002876260338588384
-0.0002887898290687671
-0.00028999106433586527
-0.0002933185914437171
-0.0002944235068736243
-0.00029556242676412586
-0.00029870357789039937
-0.00029953328363648923
-0.00030179749313835797
-0.0003024929306118592
-0.0003056784661377499
-0.0003076925788196317
-0.00031081687961774225
-0.0003114477587973462
-0.0003144772709885161
-0.0003173653264684095
-0.0003178763564009573
-0.00032086862995575095
-0.00032393202651496663
-0.0003268416001314349
-0.0003284159813494354
-0.0003312083627435697
-0.00033406315993454055
-0.0003355279878806416
-0.0003382499865195443
-0.00034102975727785107
-0.00034386855200047104
-0.00034651911891510486
-0.00034922370375722997
-0.00035029701674032306
-0.00035296153835391467
-0.0003554205902263311
-0.00035792623056752487
-0.00036047912552334804
-0.0003628137615512056
-0.0003652576410627053
-0.0003676096415721129
-0.00037156908492170333
-0.0003738829429566294
-0.00037609603229598275
-0.00037827504006356127
-0.00038219858938272116
-0.0003843220914734951
-0.0003863329109559438
-0.00039013984716310167
-0.0003921554186961893
-0.00039408803227090645
-0.00039779372600514166
-0.00039968381636806306
-0.00040334473858147184
-0.0004051078418798736
-0.0004087148937504313
-0.00041038127679016753
-0.0004139462373817373
-0.00041551805066323503
-0.00041901403722446277
-0.00042249231058973026
-0.0004239209890553107
-0.0004273391658311649
-0.00042865492607584653
-0.00043199286589042107
-0.00043529456899837286
-0.0004364614124022856
-0.00043972659751815647
-0.00044295005337029994
-0.0004461296509396522
-0.0004470633390058459
-0.0004502160426119176
-0.0004532261224154604
-0.0004540224292126384
-0.0004569958507557616
-0.0004600085165874135
-0.0004629643861636941
-0.0004657635215041772
-0.0004686960763469911
-0.0004690938178049947
-0.00047187550505625427
-0.00047459005636999753
-0.000477337002515346
-0.0004799118790948815
-0.00048251567706498793
-0.00048514887184909815
-0.0004877067397548475
-0.0004902925539061354
-0.0004925866173351832
-0.0004951192323666019
-0.0004974616195478201
-0.0004998277663729285
-0.0005022178273188316
-0.0005044103827954235
-0.0005066233659854398
-0.000508857399890294
-0.000510886452546987
-0.0005131609945396373
-0.0005152274996086495
-0.0005170814521344245
-0.0005203973617950418
-0.0005225254768150623
-0.00052420058838735
-0.0005261256161917687
-0.0005293131652620815
-0.0005310367460812622
-0.0005327732810150078
-0.0005360382662892795
-0.0005375643773460544
-0.0005406366070623089
-0.0005424403663086703
-0.0005437576695354206
-0.00054689802667481
-0.0005482396687289388
-0.0005509179791746286
-0.0005522827764270731
-0.0005536555376140706
-0.0005596202084336847
-0.0005610317006470485
-0.0005619243158216464
-0.000563350242631416
-0.0005642530861509953
-0.0005670832089594962
-0.0005694002150690247
-0.000570327672103383
-0.0005732151517665771
-0.0005738848904728651
-0.0005793997364286579
-0.0005803662401690779
-0.00058133718442694
-0.0005817539358408713
-0.0005876823934764381
-0.0005881141430881828
-0.0005891157344625697
-0.0005895510180142968
-0.0005950374746284321
-0.0005919162723961059
-0.000599541042702081
-0.0005963887080340527
-0.0005983548095542853
-0.0006039830083087729
-0.0006044530648351539
-0.0006043304025841573
-0.0006063465068542465
-0.0006062247217861899
-0.0006119818056766224
-0.0006118642913658409
-0.0006117461436904124
-0.0006175917223981351
-0.0006174779337881314
-0.000617363468820547
-0.000622676315194409
-0.0006225655562842534
-0.000624070756931973
-0.0006255831786116586
-0.0006254735288930772
-0.0006325540807494559
-0.0006318115773801305
-0.0006317058121651869
-0.0006332538898193566
-0.0006325076012051967
-0.0006397238607990367
-0.0006389722723158708
-0.000638869820447555
-0.0006397993849737461
-0.0006447820370983592
-0.0006440237437061432
-0.0006432646855164606
-0.0006506855039366695
-0.0006499208821555646
-0.0006491555208577306
-0.0006501154516002412
-0.0006552338169995753
-0.0006537864301616083
-0.0006547599510161172
-0.0006599391164159277
-0.0006591618102602478
-0.000657700893789149
-0.0006647055577853714
-0.0006639223741277336
-0.0006624474141643079
-0.0006695341256879587
-0.0006637570192329284
-0.0006708699047688084
-0.0006693748201216948
-0.0006678818713739123
-0.000675067395560047
-0.000673559557154019
-0.0006720536374755997
-0.0006767495248979604
-0.0006752338733866926
-0.0006799661721126058
-0.0006784410262514018
-0.0006787666189065666
-0.0006835402318401899
-0.0006820035816005527
-0.0006887016807648548
-0.0006864186856721977
-0.0006848719402590493
-0.0006897163436112985
-0.0006874250504951296
-0.0006922989524151915
-0.00069073436839363
-0.000694898991421268
-0.0006925819174241388
-0.0006975156058940023
-0.0006951856927890961
-0.0006955299148833697
-0.0006997427234159152
-0.0006981528966325431
-0.0006977460557330632
-0.0007047014160443022
-0.0007023350379170916
-0.0006999762872451984
-0.000706969442485072
-0.0007045899661975505
-0.0007088928204899847
-0.0007065032381866774
-0.0007108250175430189
-0.0007084252786004471
-0.0007127666298167447
-0.0007103562987029868
-0.0007147170703324555
-0.0007122967320094526
-0.0007118786460936002
-0.0007182755059269287
-0.0007158370820024047
-0.0007202524056577142
-0.0007170150263509541
-0.0007173812474257875
-0.00072101759770683
-0.0007185619528762033
-0.0007250563298521355