1.0874056000
1.0845847000
1.0817586000
1.0810940000
1.0793247000
1.0786314000
1.0790140000
1.0793793000
1.0808307000
1.0822506000
1.0847412000
1.0872224000
1.0907694000
1.0953775000
1.0988867000
1.1034434000
1.1074504000
1.1114337000
1.1170110000
1.1236308000
1.1280891000
1.1341290000
1.1412031000
1.1466651000
1.1526274000
1.1585709000
1.1660715000
1.1730178000
1.1799416000
1.1863184000
1.1926765000
1.2000495000
1.2073999000
1.2147283000
1.2215172000
1.2287995000
1.2350356000
1.2427904000
1.2505240000
1.2577251000
1.2649086000
1.2715654000
1.2782077000
1.2848359000
1.2929620000
1.3005637000
1.3066433000
1.3137122000
1.3212701000
1.3268129000
1.3343418000
1.3411098000
1.3478667000
1.3543637000
1.3606020000
1.3668317000
1.3742891000
1.3802530000
1.3862095000
1.3931440000
1.3985917000
1.4050192000
1.4102086000
1.4168676000
1.4227832000
1.4291834000
1.4341069000
1.4402511000
1.4461449000
1.4508113000
1.4566972000
1.4625789000
1.4682121000
1.4731093000
1.4784918000
1.4838715000
1.4885168000
1.4936475000
1.4987760000
1.5039025000
1.5087833000
1.5136625000
1.5176877000
1.5224423000
1.5269521000
1.5314608000
1.5359687000
1.5402322000
1.5445559000
1.5487572000
1.5535664000
1.5576451000
1.5616018000
1.5654974000
1.5700620000
1.5738356000
1.5774874000
1.5818086000
1.5853996000
1.5888994000
1.5930082000
1.5964170000
1.6004047000
1.6036618000
1.6075285000
1.6106645000
1.6144255000
1.6174479000
1.6210891000
1.6246756000
1.6275318000
1.6310139000
1.6337566000
1.6371255000
1.6404341000
1.6430258000
1.6462595000
1.6494328000
1.6525459000
1.6549260000
1.6579793000
1.6609111000
1.6631705000
1.6660426000
1.6689154000
1.6717278000
1.6744186000
1.6771714000
1.6791280000
1.6817596000
1.6843306000
1.6869024000
1.6893524000
1.6918031000
1.6942545000
1.6966452000
1.6990366000
1.7012446000
1.7035761000
1.7057853000
1.7079952000
1.7102058000
1.7122941000
1.7143829000
1.7164724000
1.7184394000
1.7205301000
1.7224983000
1.7243438000
1.7265604000
1.7285303000
1.7302543000
1.7321020000
1.7341978000
1.7359233000
1.7376493000
1.7397470000
1.7413506000
1.7433261000
1.7450541000
1.7465355000
1.7485128000
1.7499949000
1.7517260000
1.7532090000
1.7546924000
1.7571700000
1.7586545000
1.7598915000
1.7613767000
1.7626143000
1.7643494000
1.7658369000
1.7670755000
1.7688121000
1.7699273000
1.7720397000
1.7732798000
1.7745202000
1.7755123000
1.7777516000
1.7787443000
1.7799861000
1.7809792000
1.7829721000
1.7832163000
1.7857097000
1.7859540000
1.7871988000
1.7891944000
1.7901894000
1.7909352000
1.7921814000
1.7929275000
1.7949257000
1.7956722000
1.7964188000
1.7984186000
1.7991657000
1.7999129000
1.8016643000
1.8024119000
1.8034111000
1.8044106000
1.8051587000
1.8071639000
1.8076621000
1.8084107000
1.8094113000
1.8099096000
1.8119173000
1.8124159000
1.8131653000
1.8139163000
1.8154228000
1.8159218000
1.8164208000
1.8184318000
1.8189312000
1.8194306000
1.8201827000
1.8216916000
1.8219400000
1.8226925000
1.8242024000
1.8247024000
1.8249510000
1.8267149000
1.8272152000
1.8274639000
1.8292289000
1.8287194000
1.8304851000
1.8307339000
1.8309828000
1.8327496000
1.8329986000
1.8332476000
1.8345096000
1.8347586000
1.8360212000
1.8362703000
1.8367733000
1.8380366000
1.8382859000
1.8398037000
1.8398006000
1.8400499000
1.8413143000
1.8413112000
1.8425760000
1.8428256000
1.8438382000
1.8438350000
1.8451007000
1.8450975000
1.8456017000
1.8466151000
1.8468649000
1.8471162000
1.8486380000
1.8486347000
1.8486314000
1.8501538000
1.8501505000
1.8511653000
1.8511620000
1.8521770000
1.8521737000
1.8531891000
1.8531857000
1.8542014000
1.8541981000
1.8544499000
1.8557213000
1.8557179000
1.8567344000
1.8564773000
1.8569830000
1.8577460000
1.8577426000
1.8590153000
