62.303751498890996
62.14212583446253
61.98020223198061
61.94212345691622
61.84075003422372
61.8010268702873
61.822948235529005
61.84387838378514
61.92703747817042
62.00839175550106
62.15109262395634
62.29325491208419
62.49648304201709
62.760507723591324
62.96157007305864
63.2226497515659
63.45223394007483
63.68046021860929
64.0000159696876
64.3793025709083
64.63474434471148
64.98080512339254
65.38612119724604
65.6990707449465
66.04068537113734
66.38122283667335
66.81097556048917
67.2089692337209
67.60567375191359
67.9710374787126
68.33532977443473
68.75777155678469
69.17891845451764
69.59880484510131
69.98778016263769
70.4050252177858
70.76232742840733
71.20664473937539
71.64974737981775
72.06234001766941
72.47392424980164
72.85533079486433
73.23590655112407
73.61567443689269
74.08126567079394
74.51681099791855
74.86514641904628
75.27016455484632
75.70320032682824
76.02077937351335
76.4521535678894
76.83993140363393
77.22707325622588
77.59932393572237
77.95675219705883
78.31368771469148
78.74096526083234
79.08267156027041
79.4239538709401
79.82127145397355
80.13340167202698
80.50167029484732
80.7990010130525
81.18053360883012
81.51947252211771
81.88617697015735
82.16827274059
82.52030946907428
82.85799933436849
83.12536435988834
83.46260158852438
83.79959817488648
84.12235676003957
84.40294565147104
84.7113401847002
85.01957428974674
85.28573037431886
85.57969783026662
85.87353923549948
86.16726604917328
86.44691528982074
86.72647285722097
86.95709982891702
87.22951834218993
87.48791084863802
87.74624032972866
88.00452397419569
88.24880453014971
88.49653429203043
88.73725105049874
89.01279791333306
89.24649020923307
89.47319242003248
89.69639385870364
89.95792617386907
90.17413752743963
90.3833702550655
90.63095677749743
90.8367059217289
91.0372296908688
91.27264658973215
91.46795644293634
91.69643482290066
91.88305290635272
92.10459849699595
92.28427806154897
92.49976748829769
92.67293825229802
92.88156364466107
93.08705495788473
93.25070316333
93.4502127971725
93.60735793164302
93.80038168324465
93.98995049934165
94.13844397110569
94.32372133331715
94.50553803044602
94.68390552164819
94.82027520646727
94.99521641005457
95.16319617643103
95.2926502606629
95.45720946900241
95.62180878438758
95.78294743469019
95.93711891820399
96.0948427400476
96.2069476622429
96.35772723560952
96.50503468473765
96.6523879704894
96.79276263029645
96.93317739714917
97.07363227104753
97.21060929112946
97.34762641825704
97.47413549942193
97.60772060935669
97.73429844545699
97.86091638860294
97.98757443879457
98.10722521515174
98.22690463939865
98.34662417069124
98.45932496899349
98.57911325522147
98.69188280845913
98.79762216955052
98.92462399441922
99.03749095048205
99.13626887436259
99.24213428616892
99.36221478087243
99.46107864842226
99.55997116386183
99.68016052054642
99.77204003257361
99.88522784500171
99.9842349520003
100.06911291977099
100.18240386460221
100.26732193941854
100.36650666333364
100.45147630435154
100.53646886368125
100.67842488700286
100.76348047169003
100.83435535094772
100.91945104268055
100.99036029940595
101.08977420643909
101.1750016784648
101.24596823096971
101.34546808167212
101.40936433498511
101.53039593962855
101.60144843580272
101.67251812071075
101.72936126356566
101.85766370262932
101.91454122295195
101.98569112195129
102.04259156058575
102.15677631957738
102.17076794893447
102.31362924557237
102.32762660450743
102.39894839084532
102.51328784844162
102.57029714905714
102.613028341418
102.6844303418472
102.7271787229419
102.84166714956496
102.88443844897147
102.92721547795594
103.04179557782619
103.08460125470042
103.12741266115259
103.22776048939181
103.27059481415579
103.32784475704526
103.38511188866858
103.42797486132233
103.54286435840194
103.57140911575537
103.61430073629886
103.67163089327966
103.70018138021102
103.81521411673944
103.84378179240466
103.88671924957177
103.9297483799861
104.01606447182255
104.04465506579957
104.0732456597766
104.18846747237741
104.21708098466624
104.24569449695508
104.28878665272687
104.37524025443416
104.3894725260652
104.4325876001488
104.5190984976356
104.54774638739215
104.5619901181791
104.66305414366222
104.69171922215261
104.70596868251752
104.80709573335811
104.7779035336962
104.87907069158244
104.8933258815253
104.90758680104611
105.00881698428982
105.02308363338858
105.03735028248734
105.10965755623285
105.1239242053316
105.19626585654483
105.21053823522153
105.23935801231661
105.31173977057549
105.32602360840811
105.41298714255306
105.41280952563656
105.42709336346917
105.49953814708552
105.49936053016903
105.57182823209718
105.58612925866365
105.64414696499858
105.64396361850415
105.71648288663386
105.71629954013942
105.74518807216991
105.80325161512846
105.81756410085083
105.83196253024248
105.91915524750549
105.91896617143308
105.91877709536068
106.0060041900914
106.00581511401901
106.06395887106889
106.0637697949965
106.12192501120228
106.12173593512989
106.17991406964747
106.17971926399713
106.23791458724857
106.23772551117617
106.25215258845756
106.32499844253049
106.32480363688015
106.38304479675519
106.36831405184239
106.39728852754216
106.44100520731062
106.44081040166029
106.51373074024659
