1.6406095000
1.6147023000
1.5891359000
1.5659558000
1.5427756000
1.5209590000
1.5005059000
1.4807346000
1.4616451000
1.4439191000
1.4275566000
1.4111941000
1.3961952000
1.3825598000
1.3682427000
1.3559708000
1.3430172000
1.3307454000
1.3198371000
1.3102923000
1.2993840000
1.2898392000
1.2816580000
1.2721132000
1.2639320000
1.2557508000
1.2489331000
1.2421154000
1.2352977000
1.2284800000
1.2216623000
1.2162081000
1.2107540000
1.2052998000
1.1998457000
1.1950733000
1.1896191000
1.1855285000
1.1814379000
1.1773473000
1.1732567000
1.1691661000
1.1650755000
1.1609848000
1.1582578000
1.1555307000
1.1514401000
1.1487130000
1.1459859000
1.1418953000
1.1398500000
1.1371229000
1.1343958000
1.1316688000
1.1289417000
1.1262146000
1.1248511000
1.1221240000
1.1193969000
1.1180334000
1.1153063000
1.1132610000
1.1105339000
1.1091704000
1.1071251000
1.1057615000
1.1030345000
1.1016709000
1.1003074000
1.0975803000
1.0962168000
1.0948532000
1.0934897000
1.0914444000
1.0900808000
1.0887173000
1.0866720000
1.0853085000
1.0839449000
1.0825814000
1.0812178000
1.0798543000
1.0778090000
1.0764455000
1.0750819000
1.0737184000
1.0723548000
1.0709913000
1.0696278000
1.0682642000
1.0675825000
1.0662189000
1.0648554000
1.0634918000
1.0628101000
1.0614465000
1.0600830000
1.0594012000
1.0580377000
1.0566741000
1.0559924000
1.0546288000
1.0539471000
1.0525835000
1.0519018000
1.0505382000
1.0498565000
1.0484929000
1.0478111000
1.0471294000
1.0457658000
1.0450841000
1.0437205000
1.0430388000
1.0423570000
1.0409935000
1.0403117000
1.0396299000
1.0389481000
1.0375846000
1.0369028000
1.0362211000
1.0348575000
1.0341758000
1.0334940000
1.0328122000
1.0321305000
1.0314487000
1.0300851000
1.0294034000
1.0287216000
1.0280398000
1.0273581000
1.0266763000
1.0259945000
1.0253128000
1.0246310000
1.0239492000
1.0232675000
1.0225857000
1.0219039000
1.0212221000
1.0205404000
1.0198586000
1.0191768000
1.0184951000
1.0178133000
1.0171315000
1.0164498000
1.0161089000
1.0154271000
1.0147453000
1.0140636000
1.0137227000
1.0130409000
1.0123591000
1.0120183000
1.0113365000
1.0109956000
1.0103138000
1.0096321000
1.0092912000
1.0086094000
1.0082685000
1.0075868000
1.0069050000
1.0072459000
1.0065641000
1.0058823000
1.0052006000
1.0045188000
1.0041779000
1.0038370000
1.0031553000
1.0028144000
1.0021326000
1.0024735000
1.0017917000
1.0011100000
1.0004282000
1.0007691000
1.0000873000
0.9994055300
0.9987237600
0.9990646400
0.9977011000
0.9983828700
0.9970193400
0.9966784500
0.9970193400
0.9963375700
0.9956558000
0.9953149100
0.9946331400
0.9949740300
0.9942922600
0.9936104900
0.9939513700
0.9932696000
0.9925878400
0.9929287200
0.9922469500
0.9919060700
0.9915651800
0.9908834100
0.9915651800
0.9908834100
0.9902016400
0.9898607600
0.9891789900
0.9898607600
0.9891789900
0.9884972200
0.9881563400
0.9884972200
0.9878154500
0.9871336800
0.9878154500
0.9871336800
0.9864519100
0.9861110300
0.9864519100
0.9857701400
0.9854292600
0.9857701400
0.9850883700
0.9844066000
0.9850883700
0.9844066000
0.9837248400
0.9844066000
0.9830430700
0.9837248400
0.9830430700
0.9823613000
0.9830430700
0.9823613000
0.9816795300
0.9820204100
0.9813386400
0.9816795300
0.9809977600
0.9806568700
0.9809977600
0.9803159900
0.9809977600
0.9803159900
0.9796342200
0.9799751000
0.9792933300
0.9796342200
0.9789524500
0.9792933300
0.9786115700
0.9789524500
0.9782706800
0.9779298000
0.9782706800
0.9775889100
0.9772480300
0.9779298000
0.9772480300
0.9765662600
0.9772480300
0.9765662600
0.9769071400
0.9762253700
0.9765662600
0.9758844900
0.9762253700
0.9755436000
0.9758844900
0.9752027200
0.9748618300
0.9755436000
0.9748618300
0.9752027200
0.9745209500
0.9741800700
0.9745209500
0.9738391800
0.9745209500
