94.00000017906824
92.51562696006691
91.05078014272364
89.72265824403244
88.39453061576329
87.14453151243818
85.97265520447915
84.83984315899214
83.74609537597716
82.73047038832827
81.79296819604545
80.85546600376264
79.99609233642387
79.21484146445118
78.39453205958444
77.69140398297785
76.94921737347718
76.24609502644854
75.62109547478599
75.07421871848952
74.44921916682696
73.9023424105305
73.43359417917806
72.88671742288159
72.41796919152917
71.94922096017673
71.5585955241904
71.16797008820406
70.77734465221772
70.38671921623137
69.99609378024503
69.68359113962478
69.37109422858248
69.05859158796221
68.74609467691992
68.47265629877168
68.16015365815143
67.92577954247521
67.691405426799
67.45703131112279
67.22265719544657
66.98828307977035
66.75390896409414
66.51952911883998
66.3632835281078
66.20703220779767
65.97265809212146
65.81640677181134
65.6601554515012
65.425781335825
65.30859427798688
65.15234295767677
64.99609163736663
64.83984604663445
64.68359472632433
64.5273434060142
64.44922061064813
64.29296929033798
64.13671797002786
64.05859517466178
63.90234385435165
63.78515679651354
63.628905476203414
63.55078268083732
63.43359562299921
63.35546709805518
63.199221507322996
63.12109298237897
63.04297018701287
62.88671886670275
62.808596071336666
62.730467546392624
62.65234475102653
62.53515769318843
62.45702916824439
62.378906372878305
62.261719315040196
62.183596519674104
62.10546799473007
62.02734519936398
61.94921667441994
61.87109387905385
61.75390682121574
61.67578402584965
61.59765550090562
61.519532705539525
61.4414041805955
61.363281385229406
61.28515858986331
61.20703006491928
61.16797153202521
61.08984300708117
61.01172021171508
60.933591686771045
60.89453315387698
60.816404628932936
60.73828183356685
60.69921757109483
60.62109477572874
60.5429662507847
60.503907717890634
60.42577919294659
60.386720660052525
60.30859213510848
60.269533602214416
60.19140507727038
60.15234654437631
60.07421801943227
60.03515375696026
59.99609522406618
59.917966699122154
59.87890816622807
59.800779641284045
59.76172110838996
59.722656845917946
59.644534050551854
59.60546978807984
59.56640552560783
59.52734126313581
59.44921846776972
59.4101542052977
59.37109567240363
59.29296714745959
59.253908614565525
59.2148443520935
59.17578008962148
59.136721556727416
59.0976572942554
59.01952876931136
58.98047023641729
58.941405973945265
58.90234171147325
58.86328317857918
58.824218916107164
58.78515465363514
58.74609612074107
58.707031858269055
58.66796759579703
58.62890906290296
58.589844800430946
58.55078053795893
58.511716275486904
58.47265774259284
58.43359348012082
58.3945292176488
58.35547068475473
58.31640642228271
58.2773421598107
58.23828362691662
58.21875149568062
58.17968723320859
58.14062297073657
58.10156443784251
58.08203230660649
58.04296804413448
58.003903781662466
57.9843773800044
57.945313117532386
57.925780986296374
57.88671672382436
57.847658190930275
57.82812605969428
57.78906179722226
57.76952966598625
57.730471133092166
57.691406870620156
57.71093900185617
57.67187473938415
57.63281047691212
57.59375194401806
57.55468768154604
57.53515555031003
57.515623419074025
57.47656488617995
57.457032754943945
57.41796849247192
57.43750062370793
57.398436361235916
57.35937782834184
57.320313565869824
57.33984569710584
57.30078143463381
57.26171889103518
57.22265634743655
57.24218733275696
57.1640622455597
57.20312478915833
57.12500027491886
57.105468716640644
57.12500027491886
57.08593773132022
57.04687518772159
57.02734362944338
56.98828108584474
57.00781264412296
56.968750100524325
56.929687556925685
56.94921854224611
56.910155998647475
56.87109402800663
56.89062501332705
56.85156246972842
56.832031484408
56.81249992612979
56.77343738253115
56.81249992612979
56.77343738253115
56.73437483893252
56.714843853612095
56.67578131001346
56.714843853612095
56.67578131001346
56.63671876641483
56.61718778109441
56.63671876641483
56.5976562228162
56.55859367921756
56.5976562228162
56.55859367921756
56.51953113561893
56.500000150298504
56.51953113561893
56.480468592020294
56.46093760669987
56.480468592020294
56.44140604842166
56.40234350482302
56.44140604842166
56.40234350482302
56.363281534182185
56.40234350482302
56.32421899058355
56.363281534182185
56.32421899058355
56.28515644698492
56.32421899058355
56.28515644698492
56.24609390338628
56.265624888706704
56.22656234510807
56.24609390338628
56.20703135978765
56.18749980150944
56.20703135978765
56.16796881618902
56.20703135978765
56.16796881618902
56.128906272590385
56.1484372579108
56.10937471431217
56.128906272590385
56.089843728991745
56.10937471431217
56.07031274367133
56.089843728991745
56.05078118539311
56.03125020007269
56.05078118539311
56.01171864179448
55.99218765647406
56.03125020007269
55.99218765647406
55.953125112875426
55.99218765647406
55.953125112875426
55.97265609819585
55.93359355459721
55.953125112875426
55.914062569276794
55.93359355459721
55.89453101099858
55.914062569276794
55.875000025678155
55.855468467399945
55.89453101099858
55.855468467399945
55.875000025678155
55.83593748207952
55.8164064967591
55.83593748207952
55.79687493848089
55.83593748207952
