0.0
0.0001000000
0.0002000000
0.0003000000
0.0004000000
0.0005000000
0.0006000000
0.0007000000
0.0008000000
0.0009000000
0.0010000000
0.0011000000
0.0012000000
0.0013000000
0.0014000000
0.0015000000
0.0016000000
0.0017000000
0.0018000000
0.0019000000
0.0020000000
0.0021000000
0.0022000000
0.0023000000
0.0024000000
0.0025000000
0.0026000000
0.0027000000
0.0028000000
0.0029000000
0.0030000000
0.0031000000
0.0032000000
0.0033000000
0.0034000000
0.0035000000
0.0036000000
0.0037000000
0.0038000000
0.0039000000
0.0040000000
0.0041000000
0.0042000000
0.0043000000
0.0044000000
0.0045000000
0.0046000000
0.0047000000
0.0048000000
0.0049000000
0.0050000000
0.0051000000
0.0052000000
0.0053000000
0.0054000000
0.0055000000
0.0056000000
0.0057000000
0.0058000000
0.0059000000
0.0060000000
0.0061000000
0.0062000000
0.0063000000
0.0064000000
0.0065000000
0.0066000000
0.0067000000
0.0068000000
0.0069000000
0.0070000000
0.0071000000
0.0072000000
0.0073000000
0.0074000000
0.0075000000
0.0076000000
0.0077000000
0.0078000000
0.0079000000
0.0080000000
0.0081000000
0.0082000000
0.0083000000
0.0084000000
0.0085000000
0.0086000000
0.0087000000
0.0088000000
0.0089000000
0.0090000000
0.0091000000
0.0092000000
0.0093000000
0.0094000000
0.0095000000
0.0096000000
0.0097000000
0.0098000000
0.0099000000
0.0100000000
0.0101000000
0.0102000000
0.0103000000
0.0104000000
0.0105000000
0.0106000000
0.0107000000
0.0108000000
0.0109000000
0.0110000000
0.0111000000
0.0112000000
0.0113000000
0.0114000000
0.0115000000
0.0116000000
0.0117000000
0.0118000000
0.0119000000
0.0120000000
0.0121000000
0.0122000000
0.0123000000
0.0124000000
0.0125000000
0.0126000000
0.0127000000
0.0128000000
0.0129000000
0.0130000000
0.0131000000
0.0132000000
0.0133000000
0.0134000000
0.0135000000
0.0136000000
0.0137000000
0.0138000000
0.0139000000
0.0140000000
0.0141000000
0.0142000000
0.0143000000
0.0144000000
0.0145000000
0.0146000000
0.0147000000
0.0148000000
0.0149000000
0.0150000000
0.0151000000
0.0152000000
0.0153000000
0.0154000000
0.0155000000
0.0156000000
0.0157000000
0.0158000000
0.0159000000
0.0160000000
0.0161000000
0.0162000000
0.0163000000
0.0164000000
0.0165000000
0.0166000000
0.0167000000
0.0168000000
0.0169000000
0.0170000000
0.0171000000
0.0172000000
0.0173000000
0.0174000000
0.0175000000
0.0176000000
0.0177000000
0.0178000000
0.0179000000
0.0180000000
0.0181000000
0.0182000000
0.0183000000
0.0184000000
0.0185000000
0.0186000000
0.0187000000
0.0188000000
0.0189000000
0.0190000000
0.0191000000
0.0192000000
0.0193000000
0.0194000000
0.0195000000
0.0196000000
0.0197000000
0.0198000000
0.0199000000
0.0200000000
0.0201000000
0.0202000000
0.0203000000
0.0204000000
0.0205000000
0.0206000000
0.0207000000
0.0208000000
0.0209000000
0.0210000000
0.0211000000
0.0212000000
0.0213000000
0.0214000000
0.0215000000
0.0216000000
0.0217000000
0.0218000000
0.0219000000
0.0220000000
0.0221000000
0.0222000000
0.0223000000
0.0224000000
0.0225000000
0.0226000000
0.0227000000
0.0228000000
0.0229000000
0.0230000000
0.0231000000
0.0232000000
0.0233000000
0.0234000000
0.0235000000
0.0236000000
0.0237000000
0.0238000000
0.0239000000
0.0240000000
0.0241000000
0.0242000000
0.0243000000
0.0244000000
0.0245000000
0.0246000000
0.0247000000
0.0248000000
0.0249000000
0.0250000000
0.0251000000
0.0252000000
0.0253000000
0.0254000000
0.0255000000
0.0256000000
0.0257000000
0.0258000000
0.0259000000
0.0260000000
0.0261000000
0.0262000000
0.0263000000
0.0264000000
0.0265000000
0.0266000000
0.0267000000
0.0268000000
0.0269000000
0.0270000000
0.0271000000
0.0272000000
0.0273000000
0.0274000000
0.0275000000
0.0276000000
0.0277000000
0.0278000000
0.0279000000
0.0280000000
0.0281000000
